输入
第一行为一个整数M，代表该组测试数据为MxM的矩阵，代表网格； 
第二行开始有M行，为MxM的矩阵，其中9代表白色方块，0~4代表有数字的黑色方块，5代表没有数字的黑色方块。 

输出
输出一个MxM的矩阵，其中1代表放置灯的位置，0代表其它。

测试样例
10
9 9 9 9 9 9 5 9 9 9 
9 4 9 9 2 9 9 3 9 9
9 9 9 5 9 5 9 9 2 9
9 9 2 9 9 9 5 9 9 9
9 5 9 9 5 9 9 9 9 5
2 9 9 9 9 1 9 9 0 9
9 9 9 5 9 9 9 5 9 9 
9 5 9 9 5 9 5 9 9 9
9 9 5 9 9 0 9 9 0 9
9 9 9 1 9 9 9 9 9 9

答案
0 1 0 0 0 0 0 1 0 0
1 0 1 0 0 1 0 0 1 0
0 1 0 0 1 0 0 1 0 0
0 0 0 1 0 0 0 0 0 1
0 0 1 0 0 0 1 0 0 0
0 1 0 0 0 0 0 0 0 0
1 0 0 0 0 1 0 0 0 1
0 0 0 0 0 0 0 1 0 0
0 0 0 1 0 0 0 0 0 0
0 1 0 0 0 0 1 0 0 0